15
L 1001 myQQ@qq.com
N 1001 myQQ@qq.com
N 1001 myQQ@qq.com
L 1001 myQQ@qq
L 1001 myQQ@qq.com
L 2345567890 myQQ@qq.com
N 925167890 myQQ@qq.com
N 9251267890 myQQ@qq.com
L 925167890 myQQ@qq.com
L 9251267890 myQQ@qq.com
L 101 myQQ@qq.com
N 101 myQQ@qq.com
N 101 myQQ@qq.com
L 101 myQQ@qq
L 101 myQQ@qq.com

8
13005711862 13588625832
13505711862 13088625832
13588625832 18087925832
15005713862 13588625832
13005711862 13088625832
13088625832 13505711862
13088625832 13505711862
13588625832 13505711862

11
4 981 10 17 0 20 29 50 8 43 5

12
79 66 43 83 30 87 38 55 91 72 49 9

11
981 43 50 10 29 4 8 -5 0 -20 -17

7
-2
-1
-1
1
-1
7
-2







17 15
10 -21
10 21
-40 10
30 -50
20 40
35 10
0 -10
-25 22
40 -40
-30 30
-10 22
0 11
25 21
25 10
10 10
10 35
-30 10



7 12
3 1 4
1 2 2
2 5 10
5 7 6
7 6 1
3 6 5
1 4 1
2 4 3
4 3 2
4 5 2
4 6 8
4 7 4





10
5 2 9 4 1 6 7 8 3 0